16
166 455
205 455
205 445
215 445
215 432
209 432
209 428
202 428
202 423
168 423
168 428
162 428
162 432
156 432
156 445
166 445
16
286 455
325 455
325 445
335 445
335 432
329 432
329 428
322 428
322 423
288 423
288 428
282 428
282 432
276 432
276 445
286 445
7
207 466
207 476
222 476
226 480
230 476
234 476
234 466
7
258 466
258 476
262 476
265 480
269 476
285 476
285 466
4
292 412
311 412
311 397
291 397
4
266 328
266 344
309 344
309 328
4
196 328
239 328
239 344
196 344
14
321 322
334 322
334 326
412 326
412 326
412 344
391 342
391 346
383 346
383 346
383 341
334 341
334 345
321 345
4
321 374
367 374
367 355
321 355
4
372 354
372 374
416 374
416 354
4
331 386
331 403
368 403
368 386
4
372 385
372 403
415 403
415 384
4
349 408
337 408
337 424
349 424
4
353 408
353 424
365 424
365 408
4
351 427
351 436
365 436
365 427
9
370 411
370 444
378 444
384 440
388 431
384 431
384 420
381 420
381 411
4
118 384
118 372
84 372
84 384
4
84 384
100 384
100 391
84 391
8
84 391
171 391
171 423
95 423
95 409
134 409
134 403
84 403
4
137 403
137 409
168 409
168 403
6
118 372
118 382
128 382
128 379
122 379
121 377
20
122 368
122 379
171 379
171 325
126 325
126 319
106 319
106 326
103 326
103 318
91 317
91 325
81 325
81 339
87 335
87 361
102 361
102 365
161 364
161 368
4
139 336
139 352
161 352
161 336
4
71 387
55 387
55 421
71 421
4
74 379
37 379
37 369
74 369
4
77 355
35 355
35 341
77 341
4
77 338
45 338
45 322
77 322
4
143 274
143 298
239 298
239 274
4
143 236
143 260
239 260
239 236
4
254 236
254 260
350 260
350 236
4
254 274
254 298
350 298
350 274
4
135 305
135 288
88 288
88 305
4
69 282
39 282
39 267
69 267
8
76 267
86 277
103 277
112 266
112 251
102 241
86 241
76 251
4
371 241
435 241
435 224
371 224
4
365 273
365 308
407 308
407 273
9
389 268
389 248
435 248
435 267
427 267
427 262
407 262
407 268
389 268
4
421 291
421 308
433 308
433 291
4
421 270
421 289
440 289
440 270
8
424 312
424 320
431 320
431 323
438 323
438 310
432 310
432 312
6
374 218
408 221
442 221
442 214
402 213
375 211
4
375 176
439 183
440 163
376 156
4
372 203
446 211
447 194
374 187
6
375 150
457 156
461 114
451 113
448 146
375 139
4
400 99
398 135
414 135
416 100
6
467 98
395 91
394 94
369 92
370 76
468 84
4
451 97
451 104
464 109
464 98
4
154 62
193 62
193 102
154 102
4
370 36
369 61
383 61
383 36
4
389 34
388 62
408 64
408 36
4
386 31
414 33
413 18
387 17
4
371 26
370 32
382 32
382 20
6
314 45
314 106
353 105
353 97
359 97
359 44
21
262 65
262 78
266 78
270 81
270 91
276 97
288 101
298 100
298 98
306 93
306 81
309 81
309 68
301 68
301 55
294 49
283 49
284 47
273 47
265 53
265 66
10
197 102
231 102
231 50
226 50
226 47
223 47
223 43
191 42
191 57
197 57
4
67 51
134 51
134 64
66 64
4
67 71
133 71
133 82
67 82
4
46 103
46 116
67 116
67 103
10
67 97
67 123
105 123
105 110
96 110
96 97
91 97
91 110
73 110
73 97
12
62 129
62 133
46 133
46 137
63 137
64 148
98 148
98 142
102 142
102 135
97 135
97 129
4
40 153
106 153
106 189
41 188
4
40 191
76 191
76 209
40 209
4
40 212 
76 212
76 232
42 232
8
76 216
89 212
89 210
103 210
103 232
89 232
89 227
76 228
4
120 128
170 128
170 157
120 157
10
120 165
120 204
130 204
130 193
142 193
142 204
152 204
152 192
170 192
170 165
4
309 129
309 216
340 216
340 129
8
262 189
301 189
305 184
305 171
300 167
270 167
258 179
258 185
4
195 140
215 158
236 139
215 119
7
259 133
300 133
305 137
305 151
300 155
270 155
259 145
24
201 173
197 177
197 188
201 192
205 190
209 194
206 198
210 202
222 202
225 198
223 194
228 190
231 193
234 189
234 178
231 173
227 175
223 172
225 168
221 164
210 164
206 168
209 171
204 175