30
69 544
56 539
52 523
45 500
34 465
21 414
17 404
16 387
14 361
13 351
16 267
19 245
20 231
23 181
24 157
25 135
30 91
29 78
34 61
36 55
45 40
47 34
59 28
67 24
77 23
108 23
146 26
158 27
181 27
182 26
20
83 540
93 536
104 532
114 529
134 523
146 520
156 517
168 514
177 512
187 510
200 509
214 507
223 506
228 506
230 505
233 502
234 496
234 490
235 474
234 461
75
233 461
224 461
216 461
209 461
201 461
190 461
172 461
161 461
142 461
108 461
89 462
82 459
78 459
73 457
68 456
63 455
56 451
52 449
46 455
43 441
41 438
38 434
36 428
34 424
33 419
32 414
30 409
28 401
28 394
28 385
27 376
27 366
27 356
27 346
28 329
28 319
29 313
30 306
31 301
31 293
31 285
31 274
32 265
31 260
32 254
32 238
32 220
33 198
34 189
29 188
30 171
29 152
31 107
31 102
32 92
33 68
38 52
43 48
49 43
59 38
65 35
70 35
76 35
87 35
93 35
105 34
105 28
105 24
135 35
131 25
121 25
110 24
318 34
318 40
340 40
4
42 67
52 66
65 66
133 66
13
99 462
90 454
84 448
78 437
77 429
77 415
78 394
77 368
78 346
79 317
65 317
45 317
45 340
7
78 317
94 318
120 319
153 320
240 320
242 394
242 440
5
138 312
138 278
128 273
127 239
37 238
5
139 311
139 278
126 273
127 239
36 238
3
115 232
115 221
250 222
2
363 1
363 315
2
245 39
363 42
2
363 69
465 78
2
247 115
363 115
2
363 122
393 98
2
363 151
448 158
2
268 161
363 161
2
363 175
444 187
2
113 219
363 219
2
246 315
411 315
2
245 350
423 350
2
423 325
423 409
2
400 409
423 409
2
400 409
395 548
2
246 458
377 458
2
377 458
398 447
2
377 458
398 473
2
247 516
395 548
2
322 299
322 422
2
311 219
311 236
2
322 262
320 273
2
245 22
304 1
2
293 412
293 423
2
310 402
321 402
2
262 406
291 406
2
262 406
262 432
2
247 395
314 395
2
314 395
314 350
2
246 38
246 516
4
246 115
146 115
146 37
246 37