4
55 78
59 82
63 78
59 74
4
48 62
50 64
52 62
50 60
4
56 56
59 59
62 56
59 53
4
44 92
47 95
50 92
47 89
4
54 123
57 126
60 123
57 120
4
44 123
47 126
50 123
47 120
4
122 91
126 95
130 91
126 87
4
124 103
127 106
130 103
127 100
4
86 201
89 204
92 201
89 198
4
121 210
124 213
127 210
124 207
4
158 202
161 205
164 202
161 199
4
178 206
183 211
188 206
183 201
4
52 254
57 259
62 254
57 249
4
120 280
124 284
128 280
124 276
4
42 305
45 308
48 305
45 302
4
52 293
56 297
60 293
56 289
4
38 397
42 401
46 397
42 393
4
63 440
67 444
71 440
67 436
4
96 438
101 443
106 438
101 433
4
134 439
139 444
144 439
139 434
4
178 357
182 361
186 357
182 353
4
212 411
217 416
222 411
217 406
4
272 420
276 424
280 420
276 416
4
255 377
258 380
261 377
258 374
4
333 230
337 234
341 230
337 226
4
265 103
269 107
273 103
269 99
4
345 141
349 145
353 141
349 137
4
377 129
383 134
387 129
383 124
4
346 190
351 195
356 190
351 185
4
333 229
337 233
341 229
337 225
4
313 122
313 125
319 122
313 119
4
271 492
276 497
281 492
276 487
4
204 496
209 501
214 496
209 491